ward_id,ward_name,population_1830,population_1850,ward_area_1832,ward_area_1849,pop_density_1830,pop_density_1850,cholera_1832_hotspot,cholera_1849_deaths,cholera_1849_rate_per_1000,sewer_present_1838,sewer_density_1838,sewer_present_1847,sewer_density_1847,cellar_or_basement_count_1850,cellar_room_count_1850,cellar_inhabitant_count_1850,persons_per_room_1850,cellar_exposure_rate_1850,cellar_density_1850,stopcock_count_1850,stopcock_density_1850,hydrant_count_1850,hydrant_density_1850,stopcocks_per_sq_mile_1850,hydrants_per_sq_mile_1850,stopcocks_per_1000_1850,hydrants_per_1000_1850
1,First Ward,11327,19754,0.25,0.25,45308,79016,0,31,1.56930242,1,1,1,3,122,144,588,4.083333333,0.029766123,488,79,3,106,3,316,424,3.999190037,5.366001822
2,Second Ward,8202,6655,0.12,0.12,68350,55458.33333,0,87,13.07287754,1,2,1,2,42,82,196,2.390243902,0.02945154,350,44,2,58,2,366.6666667,483.3333333,6.611570248,8.71525169
3,Third Ward,9620,10355,0.15,0.15,64133.33333,69033.33333,1,81,7.822308064,1,1,1,3,91,143,471,3.293706294,0.045485273,606.6666667,45,2,64,2,300,426.6666667,4.345726702,6.180589087
4,Fourth Ward,12705,23250,0.13,0.13,97730.76923,178846.1538,1,674,28.98924731,1,3,1,1,186,217,900,4.147465438,0.038709677,1430.769231,35,2,48,1,269.2307692,369.2307692,1.505376344,2.064516129
5,Fifth Ward,17722,22686,0.24,0.24,73841.66667,94525,1,165,7.273208146,1,2,1,3,95,228,541,2.372807018,0.023847307,395.8333333,62,3,88,3,258.3333333,366.6666667,2.732963061,3.879044345
6,Sixth Ward,13596,24698,0.16,0.16,84975,154362.5,1,880,35.63041542,1,1,1,1,285,498,1156,2.321285141,0.046805409,1781.25,43,2,53,2,268.75,331.25,1.741031662,2.145922747
7,Seventh Ward,15868,32690,0.25,0.3,63472,108966.6667,1,255,7.800550627,0,0,0,0,210,428,1280,2.990654206,0.039155705,700,41,2,84,2,136.6666667,280,1.254206179,2.569593148
8,Eighth Ward,20920,34612,0.28,0.28,74714.28571,123614.2857,1,146,4.218190223,1,1,1,1,264,567,1181,2.082892416,0.034121114,942.8571429,59,2,91,3,210.7142857,325,1.704611118,2.629145961
9,Ninth Ward,22752,40657,0.84,0.46,27085.71429,88384.78261,1,101,2.484197063,1,2,1,1,441,936,2076,2.217948718,0.051061318,958.6956522,66,3,111,3,143.4782609,241.3043478,1.623336695,2.730157169
10,Tenth Ward,16438,23316,0.17,0.17,96694.11765,137152.9412,0,155,6.647795505,0,0,0,0,252,448,1053,2.350446429,0.04516212,1482.352941,26,1,48,1,152.9411765,282.3529412,1.115114085,2.058672156
11,Eleventh Ward,14901,43758,0.76,0.28,19606.57895,156278.5714,1,218,4.981946158,1,1,1,3,429,1335,2588,1.938576779,0.059143471,1532.142857,19,1,43,1,67.85714286,153.5714286,0.434206317,0.982677453
12,Twelfth Ward,11901,10451,14.43,12.26,824.7401247,852.4469821,1,156,14.92680126,1,3,0,0,52,118,257,2.177966102,0.024590948,4.241435563,0,0,0,0,0,0,0,0
13,Thirteenth Ward,12638,28246,0.17,0.17,74341.17647,166152.9412,1,324,11.47065071,0,0,1,1,190,492,995,2.022357724,0.035226227,1117.647059,17,1,31,1,100,182.3529412,0.60185513,1.097500531
14,Fourteenth Ward,14370,25196,0.17,0.17,84529.41176,148211.7647,0,156,6.191458962,1,1,1,1,317,782,1814,2.319693095,0.071995555,1864.705882,33,1,50,1,194.1176471,294.1176471,1.309731703,1.984441975
15,Fifteenth Ward,,22564,,0.37,,60983.78378,,80,3.545470661,,,1,3,68,134,304,2.268656716,0.013472789,183.7837838,70,3,101,3,189.1891892,272.972973,3.102286829,4.47615671
16,Sixteenth Ward,,52882,,1.02,,51845.09804,,778,14.7120003,,,1,3,357,865,1675,1.936416185,0.031674294,350,,,,,,,,
17,Seventeenth Ward,,43766,,0.48,,91179.16667,,151,3.450166796,,,1,2,218,494,1018,2.060728745,0.023260065,454.1666667,46,2,76,2,95.83333333,158.3333333,1.05104419,1.736507791
18,Eighteenth Ward,,31546,,1.15,,27431.30435,,151,4.786660749,,,1,3,116,217,373,1.718894009,0.011824003,100.8695652,,,,,,,,
19,Nineteenth Ward,,18465,,,,,,,,,,,,,,,,,,,,,,,,,
